27116501,27116550 
27116551,27116600 
27116601,27116650 
27116651,27116700 
27116701,27116750 
27116751,27116800 
27116801,27116850 
27116851,27116900 
27116901,27116950                     
27116951,27117000                     
27117001,27117050                    
27117051,27117100                     
27117101,27117150                      
27117151,27117200                  
27117201,27117250                    
27117251,27117300                     
27117301,27117350                      
27117351,27117400                      
27117401,27117450 
27117451,27117500 